Poseidon Sponge Trace Dump
==========================
Rows: 256, Columns: 182

Column layout:
  Columns 0-7:     message (RATE)
  Columns 8-23:    initial_state (16 elements)
  Columns 24-...:  intermediate states
  Columns ...-181: final_state (16 elements)


=== ROW 0 ===
Message:       [       0,        1,        2,        3,        4,        5,        6,        7]
Initial state: [       0,        1,        2,        3,        4,        5,        6,        7,        0,        0,        0,        0,        0,        0,        0,        0]
Final state:   [334078718, 501835876, 1809052262, 1298041117, 2033283966, 1765114795, 717372879, 1852680818, 1973424395, 1383320430, 575051724, 533409226, 113276897, 88168378, 2083905155, 1444167342]

=== ROW 1 ===
Message:       [       0,        0,        0,        0,        0,        0,        0,        0]
Initial state: [542147966, 246081679, 690684842, 553297167, 319861076, 1754505099, 136306857, 596063961, 2042489909, 1798475588, 787740746, 650950605, 939174516, 1319258093, 814915094, 579261588]
Final state:   [377439537, 700628395, 2009185738, 1649006467, 1024747341, 1837508410, 1327514757, 1967994746, 2079351456, 1886523389, 1208778023, 1720912168, 2056971503, 1332141038, 774323264, 1893540936]

Chaining verification:
  prev_final[0..8] + msg = 334078718 501835876 1809052262 1298041117 2033283966 1765114795 717372879 1852680818 
  curr_initial[0..8]     = 542147966 246081679 690684842 553297167 319861076 1754505099 136306857 596063961 

=== ROW 2 ===
Message:       [       0,        0,        0,        0,        0,        0,        0,        0]
Initial state: [555588780, 1220330746, 1215307225, 699322077, 412202495, 2046258500, 447945147, 1908300482, 1917360411, 662577492, 147984213, 1819803810, 741563538, 1198052886, 1720038985, 2025938353]
Final state:   [1196761979, 534772468, 560675099, 762913918, 803879667, 1599610028, 1933647419, 1085799916, 597795733, 44311973, 2099912377, 1100865123, 1958523239, 1748605868, 1355823052, 21794380]

Chaining verification:
  prev_final[0..8] + msg = 377439537 700628395 2009185738 1649006467 1024747341 1837508410 1327514757 1967994746 
  curr_initial[0..8]     = 555588780 1220330746 1215307225 699322077 412202495 2046258500 447945147 1908300482 

=== ROW 3 ===
Message:       [       0,        0,        0,        0,        0,        0,        0,        0]
Initial state: [1210930852, 1811578869, 1613518362, 1336188439, 27635100, 877396561, 1651122849, 183817940, 1084265592, 553899185, 916592856, 927124953, 33828087, 1395737803, 1184089922, 312906072]
Final state:   [555588780, 1220330746, 1215307225, 699322077, 412202495, 2046258500, 447945147, 1908300482, 1917360411, 662577492, 147984213, 1819803810, 741563538, 1198052886, 1720038985, 2025938353]

Chaining verification:
  prev_final[0..8] + msg = 1196761979 534772468 560675099 762913918 803879667 1599610028 1933647419 1085799916 
  curr_initial[0..8]     = 1210930852 1811578869 1613518362 1336188439 27635100 877396561 1651122849 183817940 

=== ROW 4 ===
Message:       [       0,        0,        0,        0,        0,        0,        0,        0]
Initial state: [1979738705, 579036123, 210594163, 617500181, 1280837900, 354735342, 1714111038, 1365627475, 386845668, 1978476754, 980443951, 1321272776, 230938885, 1612620384, 60747488, 1555103761]
Final state:   [2100290560, 1804821419, 339854525, 1025941872, 1894411481, 680372442, 252092267, 101094498, 245728850, 1244500346, 1462246498, 720147759, 1348219111, 1309947731, 806885241, 568237372]

Chaining verification:
  prev_final[0..8] + msg = 555588780 1220330746 1215307225 699322077 412202495 2046258500 447945147 1908300482 
  curr_initial[0..8]     = 1979738705 579036123 210594163 617500181 1280837900 354735342 1714111038 1365627475 

=== ROW 5 ===
Message:       [       0,        0,        0,        0,        0,        0,        0,        0]
Initial state: [1853616096, 419733734, 1529420056, 1467423141, 1980798736, 1202979161, 2017048075, 2096009254, 1746735379, 599391713, 338328699, 1852334510, 2084019459, 1284236375, 1348453417, 278645719]
Final state:   [773537893, 1698664951, 1394226434, 393806643, 1679359773, 2000335441, 738012783, 859097187, 379620372, 979409509, 613814400, 701295030, 483357116, 749735359, 1365594459, 1742664737]

Chaining verification:
  prev_final[0..8] + msg = 2100290560 1804821419 339854525 1025941872 1894411481 680372442 252092267 101094498 
  curr_initial[0..8]     = 1853616096 419733734 1529420056 1467423141 1980798736 1202979161 2017048075 2096009254 

=== ROW 6 ===
Message:       [       0,        0,        0,        0,        0,        0,        0,        0]
Initial state: [773537893, 1698664951, 1394226434, 393806643, 1679359773, 2000335441, 738012783, 859097187, 379620372, 979409509, 613814400, 701295030, 483357116, 749735359, 1365594459, 1742664737]
Final state:   [549845871, 490185755, 1926831919, 416123208, 734917733, 352820412, 443847228, 1549755859, 1549312647, 273510452, 1693941376, 1013767629, 1534290448, 552227965, 395823510, 33248871]

Chaining verification:
  prev_final[0..8] + msg = 773537893 1698664951 1394226434 393806643 1679359773 2000335441 738012783 859097187 
  curr_initial[0..8]     = 773537893 1698664951 1394226434 393806643 1679359773 2000335441 738012783 859097187 

=== ROW 7 ===
Message:       [       0,        0,        0,        0,        0,        0,        0,        0]
Initial state: [286041952, 421716354, 1473434462, 1836643456, 1151200627, 1056937032, 1275749466, 978815404, 1166523774, 157670570, 140615979, 1933453296, 732361651, 1286762027, 972982771, 245409985]
Final state:   [1979738705, 579036123, 210594163, 617500181, 1280837900, 354735342, 1714111038, 1365627475, 386845668, 1978476754, 980443951, 1321272776, 230938885, 1612620384, 60747488, 1555103761]

Chaining verification:
  prev_final[0..8] + msg = 549845871 490185755 1926831919 416123208 734917733 352820412 443847228 1549755859 
  curr_initial[0..8]     = 286041952 421716354 1473434462 1836643456 1151200627 1056937032 1275749466 978815404 


Done! Check the file for complete trace.
