=== LAST 5 ROWS DETAILED DUMP ===
Total rows: 256, Total columns: 182

Column layout:
  0-7:      message (8 elements)
  8-23:     initial_state (16 elements)
  24-87:    first 4 full rounds intermediate (4×16=64 elements)
  88-101:   partial rounds intermediate (14 elements)
  102-165:  last 4 full rounds intermediate (4×16=64 elements)
  166-181:  final_state (16 elements)

Note: This is bit-reversed order (circle domain)


================================================================================
ROW 251 (bit-reversed position)
================================================================================

Message (columns 0-7):
  [520, 521, 522, 523, 524, 525, 526, 527]

Initial state (columns 8-23):
  [1042621416, 1732182650, 1665836793, 1461583406, 145087686, 100879382, 850459401, 724537928, 883139354, 756028408, 757265224, 300762914, 790969236, 2069236496, 805986595, 760153771]

First 4 full rounds intermediate (columns 24-87):
  Round 0: [1182075527, 783916457, 623197717, 1965149460, 383210286, 1420086218, 1540832953, 1386343577, 1936744189, 1285573248, 1587988887, 1987861018, 1985864925, 30004801, 1256494859, 1859390639]
  Round 1: [1026043178, 676484, 424401965, 486012932, 1578636267, 939226075, 174182160, 1971896714, 1314571057, 761894947, 210152218, 241939536, 1474790336, 95510496, 1027497046, 834827137]
  Round 2: [721478460, 574522022, 845586046, 866920779, 133644973, 694808391, 176523953, 457697393, 1531666618, 2098795192, 1463398053, 1433208490, 1218366273, 2118336089, 1354882267, 1339180618]
  Round 3: [681195430, 1850759826, 1671589292, 1904017101, 1525293644, 339671642, 1014897889, 1693756758, 2055209067, 1754651290, 1924746925, 633804162, 608779868, 32132155, 1028591509, 1683967563]

Partial rounds intermediate (columns 88-101):
  [1386293693, 2095120867, 282190688, 165565139, 1632252269, 197845370, 742992072, 530675368, 670928629, 1280407140, 931617338, 1269650874, 2057893391, 1979490160]

Last 4 full rounds intermediate (columns 102-165):
  Round 0: [492553924, 813534261, 1241053014, 942284839, 904894615, 1773819325, 884978619, 366278906, 1896694672, 149719518, 412412692, 412365272, 881548956, 1975529214, 1248569923, 2025944130]
  Round 1: [2091826463, 1987274339, 757323610, 1586800969, 1144148999, 1840318264, 109617644, 2047363530, 880328736, 1789528701, 1833612941, 1145954464, 657832267, 38017677, 998653590, 1189581751]
  Round 2: [1965224426, 804413571, 1699717054, 692710909, 1429975848, 601404318, 1566416816, 679436939, 210848721, 216814444, 1138122950, 101938728, 1883133750, 494823124, 1576316497, 1761108269]
  Round 3: [1985264406, 119672964, 258111833, 1201999292, 165633173, 1126644798, 1101955558, 248032463, 1247888913, 1950408106, 1708288419, 1691658399, 906363068, 227255601, 1653081922, 1249693103]

Final state (columns 166-181):
  [1985264406, 119672964, 258111833, 1201999292, 165633173, 1126644798, 1101955558, 248032463, 1247888913, 1950408106, 1708288419, 1691658399, 906363068, 227255601, 1653081922, 1249693103]

Zero values in this row: 0/182 columns

================================================================================
ROW 252 (bit-reversed position)
================================================================================

Message (columns 0-7):
  [1008, 1009, 1010, 1011, 1012, 1013, 1014, 1015]

Initial state (columns 8-23):
  [727657961, 1320002362, 140027790, 862342720, 605044665, 2008078140, 218857344, 148236192, 1606718889, 552076902, 1668998489, 1113220128, 1389074694, 373407161, 2079023876, 1912523163]

First 4 full rounds intermediate (columns 24-87):
  Round 0: [422240501, 610371856, 517871089, 1300484156, 237212566, 604252042, 685023911, 1341962831, 142428368, 1088900134, 1081142239, 841599253, 1880528947, 2043190166, 1834232083, 1258517598]
  Round 1: [144891944, 1410795996, 1231924201, 630067613, 272325832, 42731489, 1178628681, 603095306, 1147596580, 2068837495, 634626242, 1826202942, 1815071598, 497339663, 1318956443, 330908341]
  Round 2: [1390111496, 1471934628, 2053229297, 1624005696, 705362437, 1178441317, 152026747, 97898050, 1459787403, 796721874, 433077000, 1547636935, 774183056, 1544250803, 289832307, 2065583839]
  Round 3: [2079980755, 1260730718, 1943364705, 2057308141, 1124844643, 1667419602, 1049186567, 492700417, 1133829311, 1945013481, 1852862812, 1982786883, 608209868, 1916873752, 877169466, 161594221]

Partial rounds intermediate (columns 88-101):
  [980143217, 1926497509, 824502707, 662860453, 1165217028, 1378893021, 14582205, 250802222, 2142738926, 252172915, 376261077, 847588421, 1917620211, 2079576769]

Last 4 full rounds intermediate (columns 102-165):
  Round 0: [1350418878, 1775748384, 216677418, 784874446, 780632493, 1804440663, 1891449225, 1832925290, 315244104, 1515491027, 283957598, 143801400, 405210820, 347828226, 1395788965, 1422978735]
  Round 1: [841989700, 2098599285, 516888515, 1367536203, 630861887, 1408785049, 252865752, 1037865694, 331076614, 1141230235, 746615564, 1936110967, 466948611, 884496131, 600578322, 1862766730]
  Round 2: [1542257262, 1421799638, 1437526177, 1036832295, 1589502405, 1593973516, 336597273, 2061972301, 846520768, 518699243, 704314350, 257632154, 1849047836, 511626628, 532199209, 1008269351]
  Round 3: [1082952746, 687325658, 745176186, 1614952589, 1604201848, 1551698825, 1553026350, 897599540, 1547660613, 1845230183, 2079283511, 208284891, 967401454, 6595280, 1193283308, 892111870]

Final state (columns 166-181):
  [1082952746, 687325658, 745176186, 1614952589, 1604201848, 1551698825, 1553026350, 897599540, 1547660613, 1845230183, 2079283511, 208284891, 967401454, 6595280, 1193283308, 892111870]

Zero values in this row: 0/182 columns

================================================================================
ROW 253 (bit-reversed position)
================================================================================

Message (columns 0-7):
  [1032, 1033, 1034, 1035, 1036, 1037, 1038, 1039]

Initial state (columns 8-23):
  [1931254934, 1717812503, 2001867464, 1167443602, 2030153249, 1237760624, 1314468258, 1049323191, 1246376651, 328849694, 667600110, 1924720875, 981233063, 10422465, 516456252, 1801318908]

First 4 full rounds intermediate (columns 24-87):
  Round 0: [767284907, 407266520, 536863873, 2098810490, 895327334, 1391618507, 1062116179, 471665434, 2095172678, 1180678225, 491891070, 1881445811, 2042980276, 1519765567, 1588147037, 1832887805]
  Round 1: [1960067973, 208405154, 1859982504, 43629722, 1630326142, 351293212, 23106002, 349450715, 1237422948, 134743660, 859382576, 1191769668, 193452373, 1234322494, 658475565, 2078662640]
  Round 2: [720058597, 1843563937, 1510506666, 1191380082, 1842299064, 1309914109, 243172273, 907924548, 1757225194, 1033299985, 807033128, 1665724562, 436929586, 1445465358, 2073466582, 2097525131]
  Round 3: [1945444737, 485174421, 940068093, 378596894, 2082106132, 1493706258, 212287998, 1897633090, 70503746, 1010566155, 335077583, 787692463, 1784092535, 1074075523, 1303040141, 763221584]

Partial rounds intermediate (columns 88-101):
  [1833273454, 1134377256, 1993057533, 429187779, 2002279077, 193597995, 1756979977, 1655514558, 672052547, 1482112070, 1873287530, 834201204, 269699254, 295809974]

Last 4 full rounds intermediate (columns 102-165):
  Round 0: [2113555028, 401150703, 1341707713, 1018131576, 1481747415, 1170712418, 1391652849, 2098869237, 1240871510, 2410529, 1262121973, 1435903623, 1082846002, 1082486324, 306849751, 7665525]
  Round 1: [1946145163, 545093102, 1480419997, 1503537373, 1350996673, 804652276, 1254263380, 2111190055, 1241912924, 923781954, 2065410036, 55362049, 270013823, 2146950642, 1844758398, 1619292343]
  Round 2: [65316311, 1697103190, 1501225861, 776939819, 1602304376, 2141444508, 1236390897, 107547516, 1928381904, 871056478, 1830569303, 1516877573, 1864676687, 605728976, 1240890933, 1760410748]
  Round 3: [1025987250, 15535566, 1547977764, 772372209, 1093952067, 1844238584, 1720018530, 1785242909, 1166632977, 11856041, 216173806, 566459868, 681233724, 435181981, 750487428, 1743375747]

Final state (columns 166-181):
  [1025987250, 15535566, 1547977764, 772372209, 1093952067, 1844238584, 1720018530, 1785242909, 1166632977, 11856041, 216173806, 566459868, 681233724, 435181981, 750487428, 1743375747]

Zero values in this row: 0/182 columns

================================================================================
ROW 254 (bit-reversed position)
================================================================================

Message (columns 0-7):
  [0, 0, 0, 0, 0, 0, 0, 0]

Initial state (columns 8-23):
  [0, 0, 0, 0, 0, 0, 0, 0, 0, 0, 0, 0, 0, 0, 0, 0]

First 4 full rounds intermediate (columns 24-87):
  Round 0: [0, 0, 0, 0, 0, 0, 0, 0, 0, 0, 0, 0, 0, 0, 0, 0]
  Round 1: [0, 0, 0, 0, 0, 0, 0, 0, 0, 0, 0, 0, 0, 0, 0, 0]
  Round 2: [0, 0, 0, 0, 0, 0, 0, 0, 0, 0, 0, 0, 0, 0, 0, 0]
  Round 3: [0, 0, 0, 0, 0, 0, 0, 0, 0, 0, 0, 0, 0, 0, 0, 0]

Partial rounds intermediate (columns 88-101):
  [0, 0, 0, 0, 0, 0, 0, 0, 0, 0, 0, 0, 0, 0]

Last 4 full rounds intermediate (columns 102-165):
  Round 0: [0, 0, 0, 0, 0, 0, 0, 0, 0, 0, 0, 0, 0, 0, 0, 0]
  Round 1: [0, 0, 0, 0, 0, 0, 0, 0, 0, 0, 0, 0, 0, 0, 0, 0]
  Round 2: [0, 0, 0, 0, 0, 0, 0, 0, 0, 0, 0, 0, 0, 0, 0, 0]
  Round 3: [0, 0, 0, 0, 0, 0, 0, 0, 0, 0, 0, 0, 0, 0, 0, 0]

Final state (columns 166-181):
  [0, 0, 0, 0, 0, 0, 0, 0, 0, 0, 0, 0, 0, 0, 0, 0]

Zero values in this row: 182/182 columns

================================================================================
ROW 255 (bit-reversed position)
================================================================================

Message (columns 0-7):
  [8, 9, 10, 11, 12, 13, 14, 15]

Initial state (columns 8-23):
  [334078726, 501835885, 1809052272, 1298041128, 2033283978, 1765114808, 717372893, 1852680833, 1973424395, 1383320430, 575051724, 533409226, 113276897, 88168378, 2083905155, 1444167342]

First 4 full rounds intermediate (columns 24-87):
  Round 0: [1420018420, 777534466, 1798428388, 1239300050, 1352951971, 884136870, 2088197520, 1075966619, 494337797, 63152685, 1142276289, 1782729232, 1478071719, 839021628, 357558162, 75786648]
  Round 1: [1928053550, 550375676, 814633647, 847723173, 1545495494, 423455896, 357153728, 1769256096, 1494616515, 2088652423, 482673461, 248419988, 264189831, 1898717119, 2059480689, 1359020476]
  Round 2: [1560212928, 770280954, 2077472146, 1840307904, 1753353416, 1176841270, 665396607, 1998508400, 1592513004, 379061512, 730607237, 79301744, 900261365, 1534232746, 1405885426, 94699841]
  Round 3: [277803012, 1281576106, 1467399524, 12648845, 1700214728, 1831608670, 1708394347, 1218524614, 1665761258, 1392861216, 1029360243, 1214972098, 104911824, 351602710, 594963800, 750535175]

Partial rounds intermediate (columns 88-101):
  [1653169044, 1529296656, 1860311695, 1036183933, 1951900389, 1933209899, 998913072, 1307566947, 1257934303, 277707464, 471970474, 262291749, 1550275169, 25834235]

Last 4 full rounds intermediate (columns 102-165):
  Round 0: [436785162, 552284954, 2097062933, 13056608, 1564547999, 185873078, 1536624196, 232561173, 1183562286, 17505382, 420197236, 1785647772, 657641976, 397831735, 57829347, 375385791]
  Round 1: [262086464, 1103511365, 97554209, 1207134501, 736376649, 2035578088, 1542546838, 1643296004, 1817540241, 255453078, 1406187526, 1565631698, 1287333443, 153261111, 186254338, 670558471]
  Round 2: [396585801, 598245445, 1272165264, 1552600806, 456838556, 914709762, 1439333641, 1682135046, 769486042, 221798832, 1172286189, 1039561669, 1844188869, 1061043294, 907348133, 957207507]
  Round 3: [264559720, 1023784511, 609715883, 1855394356, 1071593699, 107457008, 1622448988, 555745818, 634985758, 540785633, 1376503026, 2134359647, 864209372, 2043165742, 1952663378, 1828526707]

Final state (columns 166-181):
  [264559720, 1023784511, 609715883, 1855394356, 1071593699, 107457008, 1622448988, 555745818, 634985758, 540785633, 1376503026, 2134359647, 864209372, 2043165742, 1952663378, 1828526707]

Zero values in this row: 0/182 columns
