=== Poseidon2 Hash Trace Dump ===

Hash function: Poseidon2 (16-element state)
Instances per row: 8
Total columns: 1264
Total rows: 16

Structure per instance (158 columns):
  Cols 0-15:    Initial state (16 elements)
  Cols 16-31:   After Full Round 1
  Cols 32-47:   After Full Round 2
  Cols 48-63:   After Full Round 3
  Cols 64-79:   After Full Round 4
  Cols 80-93:   After Partial Rounds 1-14 (first element only)
  Cols 94-109:  After Full Round 5
  Cols 110-125: After Full Round 6
  Cols 126-141: After Full Round 7
  Cols 142-157: After Full Round 8 (Final state)

=== INSTANCE 0 (First Hash) ===

Initial State (cols 0-15):
Row   s0         s1         s2         s3         s4         s5         s6         s7         s8         s9         s10        s11        s12        s13        s14        s15        
------------------------------------------------------------------------------------------------------------------------------------------------------
0     0          1          2          3          4          5          6          7          8          9          10         11         12         13         14         15         
1     1          2          3          4          5          6          7          8          9          10         11         12         13         14         15         16         
2     2          3          4          5          6          7          8          9          10         11         12         13         14         15         16         17         
3     3          4          5          6          7          8          9          10         11         12         13         14         15         16         17         18         
4     4          5          6          7          8          9          10         11         12         13         14         15         16         17         18         19         
5     5          6          7          8          9          10         11         12         13         14         15         16         17         18         19         20         
6     6          7          8          9          10         11         12         13         14         15         16         17         18         19         20         21         
7     7          8          9          10         11         12         13         14         15         16         17         18         19         20         21         22         
8     8          9          10         11         12         13         14         15         16         17         18         19         20         21         22         23         
9     9          10         11         12         13         14         15         16         17         18         19         20         21         22         23         24         

After Full Round 1 (cols 16-31):
Row   s0         s1         s2         s3         s4         s5         s6         s7         s8         s9         s10        s11        s12        s13        s14        s15        
------------------------------------------------------------------------------------------------------------------------------------------------------
0     335889196  1687399646 1721343532 1838436390 374640284  1896241697 1884881970 880285049  492139806  515691314  1943762363 1182806960 924171466  266712666  724598674  1586747635 
1     1721343532 550337429  2099036728 123235678  1884881970 1668828405 411194987  1778572708 1943762363 1783987579 1975426811 1413672448 724598674  1870796627 1524821957 1842231448 
2     2099036728 1648507455 613064857  888491822  411194987  1502570694 1452227873 586613829  1975426811 2044498088 2105569219 553035684  1524821957 886908939  1265718216 1663057800 
3     613064857  637860155  1259512545 646037250  1452227873 2141701769 1366419728 1800559499 2105569219 277425763  47571050   2081569710 1265718216 563811066  1565748225 957075925  
4     1259512545 1349706663 228043688  1797529920 1366419728 1256069658 483394695  261673161  47571050   466195292  673669995  1460215926 1565748225 51224005   1504998289 1837494005 
5     228043688  1728536466 1160779580 719754617  483394695  853791332  1182970912 1453886616 673669995  1830238073 1209067043 2132772798 1504998289 1812482406 2146640137 1003147761 
6     1160779580 1244671524 346405983  1619728014 1182970912 1809004943 1679202170 999166732  1209067043 1942679040 48353668   1463713508 2146640137 1857319516 320972580  1446121867 
7     346405983  1864469449 1979051255 325032675  1679202170 537105709  541837806  660104152  48353668   1995507136 1276971722 298323721  320972580  1449488593 1736815992 537051247  
8     1979051255 430592096  1204909773 286405763  541837806  702367328  1217782596 720181885  1276971722 1327327551 2012804152 1785421117 1736815992 1634515144 1880652086 1732742489 
9     1204909773 369626977  1528603708 663040337  1217782596 1303243275 1520171119 953978485  2012804152 541048548  1222602187 1610140335 1880652086 2062416457 1275502042 513991495  

After Full Round 2 (cols 32-47):
Row   s0         s1         s2         s3         s4         s5         s6         s7         s8         s9         s10        s11        s12        s13        s14        s15        
------------------------------------------------------------------------------------------------------------------------------------------------------
0     1188810096 1301223553 38518983   1287542207 948252010  1074296140 1368597305 844355532  1898137003 1361607590 1631759714 184620571  1813997833 1915140868 679233984  1731977924 
1     83244110   1089428708 1352874017 1369963595 1752202427 306588733  1553719988 888979508  1185518890 2070342468 750043726  881475047  1421042597 792816464  1758210802 602655459  
2     428951062  1121857457 559575062  1533886726 1278294256 2102711901 1270302429 1877779907 1898494479 1337136734 449324806  1895281342 1165348922 1785102395 585599755  502763114  
3     1401329025 231811311  927797460  671476592  1236601445 277073908  1524558047 1478584699 652820709  44104761   1980883591 589988885  1101450689 640094735  609937223  1143258287 
4     1228552827 694642152  1581574488 1467588139 1918645734 1554696696 1016336394 1964528806 1433836054 3288945    1255322140 312593003  943637447  1649050233 1159150158 946980869  
5     1181646922 1666351331 1725457468 810511097  398593876  2143141507 1539223614 216476499  714298543  1478195238 1479837724 2112501726 1616371981 652236374  153759337  503539071  
6     897172928  1407191426 1278872644 756301100  962496385  950855304  447271950  1158608447 19548770   1543491707 502556435  1416700650 199386019  259893849  336836106  240909594  
7     1645817417 422680079  973368426  1483691177 1973882591 1629586270 843969558  270974327  630024490  1919412112 2046450038 634461867  1004222927 1238449299 95297330   2074234721 
8     1555272409 1552385519 1450225744 249358275  1293960649 649599898  1634807896 725166912  64880417   191069314  1965023486 1761691787 1342392305 1100565772 758391919  896578276  
9     869402411  1451895895 1977648323 825200484  981660709  1417038979 1218241360 1478546453 1511888393 1186266363 700743780  2076633882 781877436  843954729  2017955616 39579162   

After Full Round 3 (cols 48-63):
Row   s0         s1         s2         s3         s4         s5         s6         s7         s8         s9         s10        s11        s12        s13        s14        s15        
------------------------------------------------------------------------------------------------------------------------------------------------------
0     1869189549 996138213  840666663  925021667  1945337351 1776390939 842641451  1455086996 383150093  981956695  1775172625 1777060012 100966111  1270420132 1007865417 1047508061 
1     2119550555 1308653170 1558998082 1022510074 955272028  1916538665 1891222701 1352272871 1317148209 1997691690 1820589460 70540688   421348591  867062773  498396102  1960126578 
2     1262029479 1866573821 1175708604 115470529  226449412  587643127  189555309  1030275956 910550094  2089807214 896137708  1676924604 165778320  268924290  2057075519 1637418468 
3     2134320341 961032565  1024968331 1606020899 1023036259 820072930  1960058530 1124619773 446477413  1584246168 608158904  2096317550 1600975139 62686167   902679360  500542163  
4     1945503515 891701961  998422977  1222828316 847913089  902699156  238368519  315923325  1610992989 1807764656 117383494  2133223891 1515252609 1354590223 103852243  166045403  
5     1042885774 1808927598 932117754  225038818  1684312579 3865582    1025403090 111514188  296660978  239619721  1329791627 811910941  509092863  1902454845 1588118805 745285173  
6     669041504  1546034175 1752648910 1216797056 2080387530 1054330375 1319854445 798146389  1460782403 1354211993 2063867144 12070140   2007055591 807395407  167468581  760801611  
7     1801283151 1256790791 1654633512 2081080248 809460373  865783342  578275790  1632298286 1023206929 2106323768 64268345   1946678697 34287254   1309777709 1390894224 1061567022 
8     1318612784 1522681349 309045667  931332239  465365028  1996966330 172795831  120477252  1224914906 378301231  258334855  94666694   1010574929 1947900058 1046804844 734660475  
9     2139551841 1553168609 2106855885 129137473  42404266   378192407  1685689763 487596739  351407237  41176231   1691289877 1468028081 57449423   1967289570 1334704949 677870724  

After Full Round 4 (cols 64-79):
Row   s0         s1         s2         s3         s4         s5         s6         s7         s8         s9         s10        s11        s12        s13        s14        s15        
------------------------------------------------------------------------------------------------------------------------------------------------------
0     1885061859 922619139  871529857  1285625175 1362930458 102678090  1911156515 1058116259 866282796  410258297  214209664  49272321   1320762375 211493306  981219936  465130554  
1     1812407931 2096567500 1693722530 1801827934 353540125  1437513827 1761898202 1326906974 1882861816 2082528895 2127188218 2054533936 1260659234 1772490338 428296571  135583756  
2     97820531   944558356  1146359011 8199178    2007530716 928103356  498757209  110661324  317882896  1444022673 30257510   1196459094 1991095358 1770292710 1073378629 1914888215 
3     1092558165 989389963  409972839  379774955  1461868593 1048008883 384090220  131431813  1799564300 1795190263 2011075007 1895651704 1442739926 820888157  126996027  1518161863 
4     701866987  1313288677 716459625  396335974  1071326179 546992243  729424523  1616744972 414286081  605374775  1569793947 1563669558 1161453981 1195237724 1614012123 70345966   
5     99893435   798754512  314796580  818825948  1757011513 1310012520 1679673227 334244806  821243008  1808793191 2073117066 912208572  393673170  1891231690 1880062380 273324591  
6     37071842   1055083021 1321076677 1499662767 1707794511 2121371027 621398318  1189046651 462401354  74516160   1212488751 1780454260 1017723356 1247368562 539005111  750473014  
7     181409615  1019440597 2069657175 1817162766 8379674    699595533  127106212  1428073740 1850382133 508176628  1141347524 834345484  1383572515 2001509924 661086309  1335137583 
8     306065818  960541867  98751169   2098480570 2141130533 1136789309 926942494  1445948027 1941350149 943827623  808498370  1743666501 931660716  867256917  896835962  512174423  
9     1287343723 735405277  1740048651 97211090   1321679325 1902863450 606641433  816533175  1028607040 1807004261 2035778785 213696703  1792601009 573704461  500820617  1905371064 

Partial Rounds 1-14 (cols 80-93, first element only):
Row   PR1        PR2        PR3        PR4        PR5        PR6        PR7        PR8        PR9        PR10       PR11       PR12       PR13       PR14       
------------------------------------------------------------------------------------------------------------------------------------------------------
0     1150512570 383154791  68521271   1814695711 2028804170 416420307  1917253345 1159457170 108739017  1254204780 24009633   100886062  1521489700 1204110163 
1     1530419150 1267715201 55501884   1499032949 1717986012 43286358   514094248  1939591334 650229099  1632382461 438668316  703878855  716518862  364964442  
2     751892730  1519063894 1149513694 1821297852 419633241  2049309428 1243973734 2120809825 910351842  936064767  945692965  2142674601 362253625  868477276  
3     1555057888 1735527439 1398266846 135751888  346238286  238204047  1556440223 1958156966 1455780093 164196685  1879845901 1847968356 959213901  277659503  
4     663331352  1119995585 698264073  886194514  791936186  1797711979 1822998378 454873824  2079857445 304447959  1639354836 805250331  2110592087 1686079707 
5     315480484  1348103226 985189388  462773105  677689357  1076262432 1995103718 432877635  1476711809 1784145711 318611778  1373605575 1519281919 1734984527 
6     327425380  977370998  1268843923 69621455   959399390  605778820  1196020272 1889234951 499762262  894596099  2109688503 16756099   278381853  720813148  
7     1331365081 1185446838 1131565258 125433382  1260181347 1524091890 1630539326 1612838475 1374296349 1680591223 2100355882 1947045843 105253401  1024921445 
8     1389135430 1224465070 1571043573 2032854136 181656115  1065827399 1492898830 1025669589 635937826  432769411  1385123076 674004562  387344527  1456569924 
9     2064426413 1140824901 1603793763 819499980  1075441543 42778281   2019508228 1037044061 839329480  463851841  526529058  403216945  1512778869 441667447  

After Full Round 5 (cols 94-109):
Row   s0         s1         s2         s3         s4         s5         s6         s7         s8         s9         s10        s11        s12        s13        s14        s15        
------------------------------------------------------------------------------------------------------------------------------------------------------
0     1735342641 977364143  290347741  56278462   1311370669 2122433123 1399725165 1037541064 300781833  2094235935 1832913049 393014246  1358729734 123128508  800411949  1643843716 
1     304145845  1374622712 713205639  719968934  1668230569 1331308484 1181078970 75914283   280491443  1066525698 850126431  491103264  1714220660 568127503  1377110874 949857414  
2     124582306  843215702  1704910747 1522026290 1092650914 1114204095 1117614958 1356695230 1227795361 731601961  1879628279 828849037  565767260  472271902  2139489886 1151468645 
3     1037910881 1115999264 1220426818 1577114805 214812752  20899131   2114493129 1213673682 246004052  1821233832 931735544  928993167  1902549364 1430599894 1651120208 1666582120 
4     1824501905 850268324  1973198430 400472013  104717355  2118612513 1146892664 232713918  2063796836 2112191863 877146732  1125262875 380514701  1424008439 1262714905 311775689  
5     1053368228 919111713  712690949  616265622  1181942019 1295528911 356769485  1310942227 736784323  302681948  890022622  1648111455 2004123438 876795284  1282482555 1661200768 
6     152215842  2014719016 69319246   305398101  1049042488 848357356  852016091  62251767   1892449400 2013813310 1301000704 1171177653 111843653  980978073  13539659   1306596040 
7     498009278  1929965693 1485099147 703818367  1671664222 805798930  4417072    213337824  59788108   46332040   1020335297 982646149  1840796724 466058898  963617201  756541990  
8     1358600826 948808855  620830639  1962408024 1300993922 1081442631 644764539  1531456253 1940283100 950354663  1054305118 1941143278 1179204780 333359079  1167202395 1055939880 
9     1285356042 1453258600 563788603  638697691  1349062480 1517426233 859987392  1694808221 1565906249 827569522  202106768  730800570  893922526  78986148   529900673  1857601523 

After Full Round 6 (cols 110-125):
Row   s0         s1         s2         s3         s4         s5         s6         s7         s8         s9         s10        s11        s12        s13        s14        s15        
------------------------------------------------------------------------------------------------------------------------------------------------------
0     1104447255 245403371  1743155904 1359792750 2007451187 1259363885 238665169  1596627326 42078051   363299789  1221920721 251365794  1181804015 1383029386 1904877082 1353930402 
1     1955178172 867836514  685105889  1505571345 1646232358 987816435  851840787  308947588  1544836913 383947499  338940814  1746458152 503013349  475829261  562936836  474010612  
2     338423209  1471312044 1687110927 1771730323 1976221466 825931918  2029427342 1111674910 184637623  321079465  1048169539 2060999819 1846337963 1566143369 71785561   643846950  
3     171225453  1952686285 1491663442 617374269  1587446387 1120530644 1879630268 406644499  75462073   1880573705 1315598119 1875555364 1987021670 1367574772 321702320  62300461   
4     731314672  1199871930 1146450096 615741081  515323767  1948589073 2112471986 1313078189 196393286  1468747761 849341173  251249743  2115995131 136797115  1011151711 1925500300 
5     2099562947 686292077  891391582  106654989  1423946846 1607498648 1250119495 294224435  1708743293 1550607172 878898294  1045562614 152653420  988288296  1528142545 627380144  
6     1768344796 1310711848 1803999044 133736960  150951737  1411228009 1756088754 1427668016 97344308   492810542  1107465304 351005083  510933024  445226539  424016468  1175761928 
7     1248977835 1257100455 1357027559 653320175  11437673   1119648434 531328834  146177846  758039600  966457341  822347578  716037355  583836369  614659776  358460174  1152182500 
8     13100054   384119505  1831425399 153369939  142285054  1319146584 1753648900 1084197134 1082479107 620740086  705581877  10297174   782049189  1023306292 702802191  870163295  
9     1145573671 1624078438 1404243990 341106447  887494613  1113925926 988853493  396473967  1048154606 1526905470 1545509434 1978180430 1864157876 1285312709 1525375028 988039236  

After Full Round 7 (cols 126-141):
Row   s0         s1         s2         s3         s4         s5         s6         s7         s8         s9         s10        s11        s12        s13        s14        s15        
------------------------------------------------------------------------------------------------------------------------------------------------------
0     2012473885 1705211104 964733638  26969532   1412049354 1234675397 1213718489 362087541  1696048511 735165272  1987758416 442748181  687285652  2100630689 12269187   1436792309 
1     362312851  1929517633 1672722715 251325192  1317555857 787742668  555522899  1757864971 376708340  1961021534 671581206  394830672  1307377317 1447789957 937673637  1300372161 
2     2018799772 1457999814 2050735098 183538231  108119032  1679759047 594437384  896216022  1836171561 1275765221 2022193931 178717128  226121194  462186449  791929913  1944696311 
3     280328612  354922263  1286265414 454667045  1509113899 714089945  765211115  524893048  43734531   1771146562 1206096468 328660653  1492492278 1860149288 14574086   895351551  
4     423964600  1638482460 228555816  1006378799 573367492  1519403803 122871621  757326960  1491199922 2028094797 1473070947 1779842957 1432521629 1809506307 229827401  418255817  
5     556015363  225176958  1229282745 1349395839 474763627  1279542716 188841588  948885828  641263936  227871483  1827093632 1924118462 692221822  1118396960 1925188514 403243879  
6     781379936  1354362404 1718353941 20519089   846885812  1046595653 1621554169 1789031981 630353922  1761292256 1338340802 1131826466 965333870  628439627  661169563  1957749284 
7     1351348584 1473850462 962530160  1405072221 792668964  774054647  43378410   1570807347 720658676  1797472662 691651704  1001047636 1997795081 1648294662 1401558177 1387386003 
8     1139594065 839138408  468010517  80205164   2041251228 1505291880 962968715  1645447030 1472925190 260216130  37509749   63060860   1212962754 1683553779 579800     1904424960 
9     1494805165 888856270  276901995  208144988  2119744610 1042825035 1938859900 1200732124 241413449  1766132455 1010951021 1029513032 183419325  2102724071 1247465006 414409594  

After Full Round 8 (cols 142-157):
Row   s0         s1         s2         s3         s4         s5         s6         s7         s8         s9         s10        s11        s12        s13        s14        s15        
------------------------------------------------------------------------------------------------------------------------------------------------------
0     462565134  1755139106 2142661998 714337030  1788058480 1572399575 1629872005 2003635509 1874965300 1242605496 1137299229 1392452900 1114157883 1502525848 2018921451 1004506017 
1     2107930580 339421390  54546056   1592133229 370147295  1160809727 1939141491 1428029563 240417757  742610725  33585002   1864892866 1970490676 1840184310 1051398862 851438199  
2     946394321  1016160109 94350108   227946917  1917104233 1898074846 1230848039 65599399   385267381  1232117102 1760853632 87788321   1445887345 1879369227 1970633640 118109370  
3     1999619447 1880952660 1697808829 2021653398 104726824  231096700  1873424292 1574260656 1790286021 515284355  796843309  1538207082 2129722869 1414058874 1711028589 1912825326 
4     687927774  1278610738 1111069122 1790079123 671151062  27525214   789235376  1034533166 2113167426 1129220246 707706774  738830878  1568224347 1898009999 738795355  350202303  
5     932643988  370306695  137812710  65786531   874808092  1349097039 294292412  187529868  651004527  1962384639 217865659  270409665  959552447  1500425539 1257109964 673259895  
6     1717302162 1548454438 1992351077 344790649  324743401  1288874425 443362539  1557770624 1268331898 1774658398 652586729  21504961   452102826  872312769  2067178925 1106821110 
7     468766862  731521404  73753211   1519276158 466118438  1352606645 740427408  1367613378 1564206604 1285490841 1157145951 802629647  1650311113 721464881  1490858908 1608803797 
8     835650568  1831908195 1975188518 460362455  268464430  709266953  263317793  538351914  1105108338 1557839405 746085495  1394832172 951171794  1440918170 829484295  632475548  
9     1694375381 24395162   87424991   1176716939 450636669  599903196  623375553  1912004718 450716024  1075678491 125847789  302504770  1498936349 922323328  859382693  1529544500 

... (6 more rows not shown)


=== Summary for all 8 instances ===
(Each instance follows the same structure, offset by 158 columns)

Instance   Initial[0]                     Final[0]                      
--------------------------------------------------------------------------------
0          0                              462565134                     
1          1                              2107930580                    
2          2                              946394321                     
3          3                              1999619447                    
4          4                              687927774                     
5          5                              932643988                     
6          6                              1717302162                    
7          7                              468766862                     
